Sep-2009   -68    72
Oct-2009   -71    67    69   175
Nov-2009    35   -68     5    41
Dec-2009    67    -1    37   108
Jan-2010   -43   126   -72  -124
Feb-2010    -5  -152   -34   -44
Mar-2010   -26   162   -56   -88
Apr-2010    32   -74     3
May-2010   -39   134   -69
Jun-2010    56   -23    26    86
Jul-2010    -9  -161   -39   -52
Aug-2010   -34   145   -63  -105
Sep-2010    56   -23    26    86
Oct-2010    70     7    41   116
Nov-2010   -13  -169   -42   -60
Dec-2010   -37   140   -66  -111
Jan-2011   -23   168   -53   -82
Feb-2011    16  -108   -13     1
Mar-2011    23   -93    -6    16
Apr-2011   -17  -177   -46   -69
May-2011   -25   165   -54   -85
Jun-2011   -35   142   -65  -108
Jul-2011   -28   158   -57   -92
Aug-2011   -23   168   -53   -82
Sep-2011   -81    44    58   153
Oct-2011    32   -74     3    35
Nov-2011   -23   168   -53   -82
Dec-2011     2  -137   -27   -29
Jan-2012   -60    89    79  -161
Feb-2012    60   -15    30    94
Mar-2012    -6  -155   -36   -46
Apr-2012    53   -29    24    80
May-2012   -15  -174   -45   -65
Jun-2012   -64    80    75  -170
Jul-2012   -32   148   -62  -102
Aug-2012    67    -1    37   108
Sep-2012   -38   137   -67  -113
Oct-2012   -83    41    57   150
Nov-2012   -13  -169   -42   -60
Dec-2012   -55   101   -84  -150
Jan-2013    80    28    50   136
Feb-2013    23   -94    -7    15
Mar-2013    77    22    47   131
Apr-2013    20  -100   -10     9
May-2013   -81    44    58   153
Jun-2013     1  -141   -29   -32
Jul-2013   -68    72    71  -178
Aug-2013    -5  -152   -34   -44
Sep-2013    56   -23    26    86
Oct-2013   -81    44    58   153
Nov-2013   -71    67    69   175
Dec-2013   -42   128   -72  -122
Jan-2014    -3  -149   -33   -40
Feb-2014     9  -123   -21   -14
Mar-2014   -34   145   -63  -105
Apr-2014     1  -141   -29   -32
May-2014   -10  -163   -40   -54
Jun-2014   -26   162   -56   -88
Jul-2014    27   -85    -3    24
Aug-2014    19  -101   -10     8
Sep-2014    53   -29    24    80
Oct-2014   -68    72    71  -178
Nov-2014   -37   140   -66  -111
Dec-2014   -68    72    71  -178
Jan-2015   -15  -175   -45   -66
Feb-2015   -34   145   -63  -105
